600
1 14 0.10197 1 0.39817 14
2 14 0.26846 10 0.48544 16
3 7 0.72418 3 0.04978 5
4 19 0.97522 5 0.29035 14
5 23 0.23378 4 0.32747 8
6 12 0.22982 8 0.10307 12
7 9 0.48888 5 0.91659 12
8 3 0.18345 7 0.07715 9
9 8 0.08882 8 0.90404 8
10 6 0.35989 3 0.65633 12
11 1 0.24485 5 0.712 19
12 14 0.15343 9 0.22159 9
13 19 0.59267 3 0.1018 9
14 11 0.35587 1 0.20022 14
15 14 0.1047 7 0.05873 5
16 6 0.88585 5 0.12282 18
17 12 0.72628 8 0.29056 14
18 8 0.34981 3 0.16699 9
19 5 0.99355 4 0.96004 9
20 23 0.67904 7 0.41488 9
21 5 0.29683 8 0.22441 4
22 7 0.22578 7 0.50091 6
23 16 0.88225 5 0.79672 2
24 15 0.91609 8 0.00729 10
25 28 0.97968 2 0.09874 16
26 4 0.7712 7 0.25025 14
27 2 0.02807 5 0.00914 8
28 26 0.77307 9 0.00738 3
29 11 0.02808 8 0.72238 13
30 1 0.79783 3 0.24151 9
31 2 0.57468 8 0.1954 13
32 3 0.86956 9 0.39348 18
33 5 0.39193 7 0.47279 13
34 2 0.17116 1 0.86183 15
35 3 0.18894 2 0.82752 12
36 7 0.64243 9 0.13113 1
37 9 0.87811 3 0.75719 16
38 1 0.32086 3 0.17517 17
39 12 0.467 5 0.57177 3
40 23 0.86358 2 0.67389 17
41 10 0.38596 6 0.58761 7
42 7 0.715 7 0.50818 16
43 10 0.07956 2 0.01537 1
44 16 0.17372 8 0.26698 10
45 8 0.39467 6 0.01479 17
46 12 0.65364 6 0.62145 17
47 7 0.44228 9 0.34875 19
48 5 0.10635 2 0.63403 19
49 9 0.68261 8 0.75541 16
50 3 0.46532 9 0.34725 6
51 1 0.13596 9 0.07913 11
52 8 0.62186 4 0.31721 11
53 5 0.67234 5 0.11908 19
54 8 0.80468 3 0.2276 18
55 16 0.48185 1 0.37805 7
56 8 0.13216 9 0.21647 1
57 1 0.49136 2 0.42823 12
58 12 0.97433 10 0.32645 4
59 1 0.51259 6 0.90283 17
60 15 0.51058 4 0.16105 2
61 6 0.88765 6 0.32336 11
62 1 0.14857 8 0.27477 10
63 6 0.05535 6 0.80453 13
64 14 0.46695 2 0.80415 18
65 9 0.65304 3 0.18771 1
66 14 0.38749 7 0.14069 19
67 10 0.73061 3 0.79709 12
68 15 0.50886 7 0.27486 6
69 18 0.16815 4 0.40768 9
70 13 0.20873 7 0.67709 4
71 7 0.14602 3 0.09141 10
72 4 0.48854 5 0.44079 2
73 1 0.70001 1 0.4862 5
74 2 0.67814 4 0.35337 13
75 17 0.52589 9 0.88977 20
76 1 0.51932 1 0.65276 7
77 5 0.59757 1 0.34473 13
78 22 0.93416 10 0.54451 8
79 4 0.31053 4 0.22227 6
80 10 0.1888 10 0.06097 13
81 11 0.21425 5 0.8468 9
82 12 0.08518 3 0.3375 20
83 6 0.22056 1 0.29564 1
84 7 0.25191 3 0.79192 18
85 23 0.06443 1 0.00797 15
86 3 0.23448 1 0.58316 18
87 14 0.02812 8 0.90033 8
88 8 0.82233 5 0.00348 8
89 3 0.26634 1 0.99706 13
90 22 0.80755 3 0.58095 11
91 7 0.33193 4 0.58994 10
92 15 0.68251 8 0.83366 17
93 21 0.20892 9 0.81201 2
94 21 0.6443 8 0.7513 15
95 4 0.12205 5 0.28932 18
96 2 0.94773 10 0.37057 10
97 22 0.33488 2 0.97109 1
98 15 0.28544 1 0.28361 11
99 6 0.05094 1 0.58919 8
100 1 0.14156 4 0.40441 11
101 1 0.06869 10 0.88569 7
102 2 0.75519 9 0.38804 14
103 5 0.4325 8 0.71392 14
104 17 0.17288 5 0.81526 19
105 9 0.28793 4 0.12654 12
106 1 0.88289 9 0.15511 14
107 2 0.75664 9 0.25359 7
108 7 0.97935 7 0.63141 17
109 3 0.0241 1 0.8692 14
110 3 0.30526 1 0.12588 3
111 24 0.5808 9 0.75705 9
112 9 0.98471 6 0.19343 4
113 1 0.84471 4 0.47578 4
114 11 0.95595 5 0.66797 14
115 4 0.92862 3 0.06014 19
116 5 0.49654 4 0.53119 17
117 14 0.03982 5 0.22516 18
118 10 0.99871 3 0.43958 19
119 5 0.33098 1 0.64387 7
120 5 0.10052 5 0.64383 8
121 18 0.77246 4 0.09547 7
122 10 0.05168 9 0.2032 15
123 15 0.24002 7 0.02568 4
124 3 0.81623 6 0.8809 10
125 6 0.58966 4 0.33712 13
126 8 0.32886 7 0.12358 9
127 3 0.16837 5 0.18609 3
128 8 0.08629 2 0.18714 11
129 3 0.23652 8 0.01398 1
130 20 0.96454 2 0.28643 19
131 13 0.06737 1 0.48993 13
132 3 0.34821 7 0.99082 12
133 8 0.36822 9 0.46799 13
134 13 0.13111 4 0.26097 5
135 24 0.18629 2 0.01305 6
136 26 0.96813 7 0.09877 1
137 1 0.53947 5 0.17711 4
138 19 0.55872 4 0.89899 20
139 17 0.18111 4 0.93212 19
140 2 0.01236 7 0.77732 15
141 18 0.83041 6 0.66951 15
142 4 0.32183 10 0.61162 16
143 4 0.49789 8 0.54542 4
144 17 0.96608 8 0.96419 3
145 4 0.19607 7 0.23754 10
146 2 0.15858 4 0.04299 9
147 12 0.99743 10 0.32751 10
148 9 0.05432 2 0.06395 12
149 6 0.88268 10 0.8785 11
150 14 0.18472 10 0.65542 16
151 8 0.62914 3 0.07331 1
152 19 0.05762 3 0.16216 16
153 6 0.86894 2 0.40379 9
154 15 0.37808 6 0.54487 18
155 20 0.8663 5 0.73868 2
156 2 0.98501 9 0.03844 2
157 1 0.21963 10 0.96429 8
158 4 0.6608 4 0.74648 15
159 3 0.10984 4 0.39469 13
160 11 0.31752 7 0.88585 4
161 21 0.3317 5 0.94933 18
162 5 0.29806 3 0.2954 20
163 17 0.57479 4 0.79273 14
164 8 0.07472 3 0.24594 2
165 12 0.13937 7 0.30885 16
166 16 0.22354 7 0.21173 9
167 1 0.69986 4 0.43233 11
168 18 0.59684 4 0.24585 20
169 4 0.31191 1 0.63662 8
170 7 0.12033 9 0.70917 14
171 11 0.23255 3 0.00952 12
172 10 0.31691 8 0.43001 2
173 7 0.35027 7 0.50148 9
174 14 0.06578 5 0.59824 16
175 1 0.81349 8 0.55569 12
176 12 0.123 5 0.40173 2
177 20 0.63187 4 0.10936 18
178 12 0.51547 6 0.94767 16
179 4 0.86314 9 0.3995 10
180 30 0.63852 5 0.89102 4
181 11 0.58341 9 0.03807 12
182 9 0.0354 8 0.68253 10
183 3 0.59781 7 0.86258 8
184 12 0.47667 2 0.6308 12
185 11 0.93975 8 0.19977 7
186 9 0.91922 4 0.39957 15
187 8 0.86804 1 0.54783 13
188 4 0.0327 6 0.85573 3
189 5 0.52346 4 0.84554 12
190 25 0.73804 6 0.28273 6
191 1 0.53621 5 0.20344 15
192 14 0.96141 10 0.07951 18
193 8 0.7577 8 0.89587 16
194 18 0.52249 9 0.05036 18
195 27 0.56136 6 0.15039 12
196 21 0.13933 7 0.05616 8
197 21 0.07367 1 0.11896 7
198 12 0.69679 3 0.21631 5
199 14 0.85066 6 0.47351 5
200 15 0.51374 3 0.28853 2
201 3 0.73646 8 0.53195 17
202 6 0.06532 9 0.61862 9
203 17 0.70298 2 0.03618 9
204 16 0.23862 8 0.46437 10
205 11 0.06495 7 0.63807 11
206 13 0.53424 1 0.98524 6
207 17 0.61144 7 0.64771 5
208 12 0.20714 1 0.05454 6
209 1 0.9188 2 0.6391 1
210 30 0.81512 8 0.9465 20
211 4 0.14016 7 0.29564 10
212 3 0.36531 5 0.39992 17
213 3 0.31799 5 0.94354 1
214 7 0.02914 2 0.33627 9
215 3 0.31858 1 0.42927 4
216 1 0.4223 10 0.41167 6
217 19 0.9014 7 0.22006 6
218 4 0.83927 8 0.44601 16
219 5 0.91916 8 0.4048 20
220 9 0.81722 10 0.81212 13
221 1 0.65891 4 0.09956 13
222 22 0.52251 8 0.18384 2
223 8 0.02733 5 0.47761 14
224 13 0.95716 4 0.45899 4
225 2 0.11229 7 0.30064 10
226 7 0.46214 5 0.65498 16
227 15 0.68787 4 0.61892 14
228 25 0.63965 1 0.26213 3
229 9 0.96087 1 0.86347 10
230 13 0.39951 7 0.75408 14
231 11 0.92636 7 0.72155 18
232 9 0.82218 1 0.96182 6
233 5 0.53408 1 0.76072 2
234 4 0.87178 7 0.84878 8
235 20 0.89544 10 0.54426 2
236 2 0.15826 10 0.73384 2
237 21 0.59206 7 0.74969 6
238 3 0.556 3 0.41838 15
239 17 0.46004 8 0.10723 2
240 3 0.95643 3 0.45317 11
241 17 0.54264 9 0.64305 18
242 3 0.89206 4 0.76171 20
243 22 0.28288 7 0.77816 6
244 19 0.32428 7 0.654 14
245 8 0.43685 3 0.33731 15
246 3 0.10451 3 0.58463 11
247 7 0.26825 9 0.28667 4
248 3 0.62891 4 0.1278 19
249 13 0.6633 10 0.33921 17
250 8 0.06814 3 0.85476 9
251 10 0.18959 5 0.25552 7
252 2 0.43519 10 0.41418 15
253 5 0.15975 8 0.49085 10
254 5 0.75661 1 0.4415 18
255 17 0.46895 5 0.84792 9
256 19 0.27023 4 0.58237 11
257 4 0.29786 8 0.63691 13
258 6 0.09974 6 0.3659 18
259 2 0.27656 6 0.17303 13
260 14 0.85024 5 0.42897 2
261 6 0.49538 7 0.45979 10
262 7 0.42577 2 0.92391 11
263 13 0.75833 8 0.70607 5
264 16 0.15289 9 0.8011 6
265 17 0.51372 10 0.48098 8
266 6 0.89587 6 0.08924 8
267 10 0.75744 3 0.23617 20
268 17 0.40833 8 0.35009 2
269 1 0.32839 9 0.74673 1
270 1 0.34323 6 0.22343 18
271 1 0.40092 6 0.18034 19
272 3 0.15615 5 0.20755 4
273 1 0.35107 7 0.88508 10
274 12 0.85159 7 0.57187 13
275 8 0.90155 7 0.70402 11
276 23 0.822 7 0.67215 7
277 1 0.78061 8 0.85427 17
278 4 0.74023 8 0.80905 19
279 16 0.14411 2 0.0687 17
280 27 0.23475 5 0.59711 1
281 4 0.29908 2 0.10411 5
282 12 0.70856 4 0.05846 15
283 11 0.33404 3 0.41102 4
284 6 0.46552 10 0.65774 2
285 15 0.4151 5 0.29109 15
286 2 0.02433 4 0.86722 14
287 19 0.20508 5 0.9179 1
288 25 0.62635 10 0.13574 14
289 12 0.98194 2 0.10212 12
290 4 0.47401 3 0.85353 17
291 8 0.29992 1 0.05817 9
292 24 0.79317 8 0.63539 18
293 13 0.28391 8 0.29323 3
294 15 0.52213 5 0.05093 4
295 10 0.72928 8 0.08976 16
296 13 0.08986 2 0.09469 2
297 27 0.21522 2 0.93499 18
298 15 0.45182 7 0.75857 20
299 5 0.72515 2 0.35543 6
300 16 0.49763 1 0.12625 7
301 22 0.62115 6 0.64104 5
302 15 0.40792 4 0.52231 12
303 4 0.91886 8 0.40655 9
304 2 0.06485 4 0.28663 1
305 3 0.54248 5 0.95684 12
306 4 0.47675 1 0.78209 14
307 4 0.56864 6 0.72283 13
308 20 0.27958 4 0.199 18
309 5 0.66895 7 0.51842 4
310 10 0.17981 1 0.26651 11
311 3 0.99736 9 0.0643 6
312 4 0.02542 8 0.60265 8
313 11 0.17991 10 0.10483 1
314 13 0.58772 5 0.54094 1
315 9 0.13492 9 0.71707 8
316 10 0.19395 7 0.45225 17
317 13 0.33119 2 0.14059 13
318 14 0.81239 2 0.20853 3
319 10 0.69971 3 0.26995 5
320 4 0.89978 2 0.23174 6
321 7 0.60484 6 0.80636 3
322 19 0.25021 5 0.31819 9
323 1 0.18707 8 0.67081 12
324 6 0.46268 5 0.73451 10
325 19 0.97894 8 0.58776 20
326 12 0.98524 1 0.96618 6
327 2 0.23378 9 0.87584 3
328 3 0.21262 8 0.98114 3
329 8 0.38867 5 0.00243 12
330 2 0.20011 5 0.30284 4
331 9 0.18384 9 0.03867 17
332 1 0.00887 10 0.18359 17
333 3 0.39193 10 0.75326 13
334 11 0.27712 10 0.83981 12
335 3 0.76714 8 0.84507 16
336 7 0.45661 1 0.62514 19
337 3 0.49128 6 0.12043 9
338 2 0.28945 1 0.95782 8
339 7 0.31712 6 0.13827 7
340 8 0.62087 4 0.31168 16
341 4 0.707 8 0.45967 19
342 5 0.32917 5 0.84082 7
343 15 0.56783 9 0.89654 7
344 7 0.82203 7 0.17225 7
345 3 0.47286 9 0.4713 2
346 5 0.33731 9 0.93452 4
347 4 0.16406 10 0.10742 9
348 3 0.85664 1 0.90042 1
349 7 0.64722 10 0.07328 8
350 5 0.2632 2 0.42862 5
351 1 0.67029 8 0.34566 2
352 4 0.8662 7 0.16092 6
353 6 0.84017 5 0.7973 3
354 20 0.29077 5 0.93331 1
355 20 0.64904 2 0.56456 5
356 6 0.74166 1 0.3065 3
357 22 0.43105 7 0.75813 6
358 10 0.3959 6 0.2674 17
359 5 0.84943 8 0.74111 15
360 3 0.52212 3 0.91134 4
361 5 0.98319 2 0.55241 4
362 11 0.71803 2 0.94702 14
363 10 0.96616 7 0.01357 5
364 13 0.67869 4 0.55827 18
365 5 0.14442 10 0.04593 1
366 23 0.7553 8 0.38329 19
367 22 0.62929 9 0.73493 7
368 7 0.86456 9 0.0762 2
369 1 0.55426 1 0.84273 12
370 6 0.63049 1 0.45041 3
371 8 0.2833 8 0.76953 14
372 4 0.86186 10 0.69946 15
373 5 0.28356 9 0.42938 11
374 10 0.67312 6 0.5048 4
375 11 0.76337 6 0.56636 17
376 12 0.72474 7 0.85824 7
377 21 0.78366 8 0.09951 16
378 4 0.96404 4 0.97265 4
379 24 0.42563 9 0.77344 15
380 11 0.37424 5 0.2509 1
381 10 0.57825 4 0.21459 10
382 15 0.05356 9 0.1307 19
383 17 0.91297 7 0.45192 15
384 13 0.42736 4 0.69033 11
385 7 0.60249 6 0.92167 8
386 17 0.71631 2 0.12513 1
387 3 0.83111 6 0.82101 13
388 8 0.11683 7 0.26527 12
389 12 0.67765 6 0.43471 20
390 7 0.0261 8 0.78118 20
391 10 0.30677 3 0.58924 3
392 10 0.99245 6 0.56336 2
393 20 0.13573 5 0.95901 7
394 14 0.07021 7 0.9935 11
395 11 0.83146 2 0.78734 5
396 9 0.62231 5 0.3175 1
397 2 0.09781 10 0.51332 11
398 10 0.45719 9 0.6494 19
399 21 0.25251 5 0.21182 14
400 4 0.98789 10 0.67211 9
401 8 0.05942 10 0.31093 7
402 16 0.21124 6 0.82147 13
403 19 0.36863 7 0.7939 9
404 11 0.82592 4 0.94346 19
405 24 0.54101 7 0.15236 11
406 15 0.99053 9 0.25397 17
407 2 0.13917 6 0.13168 4
408 13 0.68333 10 0.50766 15
409 5 0.81858 10 0.82115 6
410 11 0.40136 7 0.42364 16
411 2 0.18139 9 0.20792 13
412 6 0.74002 10 0.66848 6
413 8 0.47689 1 0.46052 18
414 14 0.63818 10 0.18356 17
415 10 0.29143 9 0.6412 13
416 16 0.67223 10 0.4878 4
417 10 0.67131 2 0.68667 9
418 12 0.63979 5 0.66998 2
419 2 0.79217 1 0.72881 3
420 23 0.10466 6 0.46523 18
421 6 0.0954 3 0.32505 18
422 2 0.90017 10 0.49661 4
423 24 0.31463 3 0.55688 12
424 16 0.30488 7 0.65049 1
425 7 0.81397 3 0.14512 3
426 16 0.05218 2 0.08292 13
427 21 0.61814 1 0.83518 9
428 23 0.7405 5 0.32976 4
429 6 0.68507 1 0.35093 16
430 20 0.90662 9 0.03077 12
431 5 0.27295 9 0.66005 6
432 6 0.91653 7 0.57706 4
433 1 0.29477 10 0.31288 18
434 26 0.19362 10 0.14139 1
435 22 0.53662 4 0.46353 20
436 16 0.38728 5 0.12338 11
437 22 0.03714 10 0.37069 4
438 11 0.10733 2 0.22272 19
439 4 0.05011 4 0.56883 7
440 16 0.72177 5 0.2149 11
441 5 0.68127 4 0.93797 20
442 11 0.93534 7 0.5339 12
443 3 0.59357 9 0.88415 16
444 26 0.77287 3 0.84085 7
445 23 0.47628 10 0.35797 14
446 26 0.49322 1 0.16481 12
447 3 0.05273 9 0.88118 15
448 4 0.62992 8 0.23813 18
449 6 0.20823 3 0.61197 6
450 1 0.2465 1 0.31986 4
451 2 0.4935 1 0.50044 1
452 2 0.29363 7 0.98094 5
453 3 0.55246 6 0.91168 5
454 16 0.52882 1 0.0086 12
455 13 0.87587 2 0.22098 1
456 10 0.09142 4 0.83608 19
457 9 0.47808 10 0.5885 12
458 14 0.06906 8 0.31034 12
459 12 0.5595 4 0.97115 6
460 1 0.94432 1 0.54448 11
461 10 0.1958 1 0.48996 7
462 5 0.25176 10 0.76869 5
463 1 0.20453 2 0.06459 15
464 3 0.21112 2 0.53023 12
465 12 0.15119 1 0.40665 6
466 28 0.25122 8 0.74074 16
467 12 0.98408 10 0.11154 20
468 26 0.04163 1 0.75119 15
469 17 0.73385 8 0.68628 6
470 1 0.44815 3 0.78161 5
471 12 0.31252 3 0.30692 15
472 26 0.50888 3 0.58252 5
473 12 0.71704 1 0.4103 11
474 6 0.41046 7 0.65351 1
475 14 0.71369 10 0.62676 3
476 14 0.66894 3 0.58528 5
477 15 0.64234 6 0.27427 14
478 23 0.34093 10 0.62164 8
479 14 0.63364 10 0.09859 14
480 10 0.14844 5 0.92277 16
481 5 0.38094 1 0.92765 16
482 2 0.34571 7 0.89972 6
483 7 0.44165 7 0.4418 7
484 12 0.42423 3 0.38679 7
485 24 0.54194 10 0.64071 13
486 2 0.31622 8 0.12449 8
487 5 0.27625 9 0.11435 11
488 11 0.83239 2 0.5227 3
489 21 0.05062 4 0.2021 17
490 1 0.88852 4 0.66837 7
491 5 0.43599 10 0.70024 7
492 15 0.23505 3 0.59878 11
493 5 0.6015 1 0.45874 5
494 15 0.5086 5 0.3774 19
495 5 0.9183 5 0.38191 12
496 14 0.6182 8 0.6161 5
497 9 0.94771 8 0.12793 6
498 11 0.81285 10 0.83583 9
499 21 0.78396 6 0.35938 9
500 15 0.13072 3 0.39683 8
501 12 0.29418 8 0.09529 11
502 4 0.11636 3 0.99945 8
503 3 0.17408 4 0.90692 11
504 24 0.92882 7 0.67389 6
505 13 0.97322 6 0.39141 6
506 19 0.65554 2 0.98757 10
507 11 0.7984 1 0.2908 15
508 23 0.08168 5 0.8013 15
509 12 0.96258 2 0.44112 15
510 14 0.21075 10 0.69645 12
511 17 0.83195 1 0.20415 9
512 23 0.4841 5 0.263 11
513 12 0.18847 9 0.43564 11
514 16 0.61423 6 0.9142 8
515 9 0.1867 7 0.48668 18
516 12 0.79597 5 0.01782 7
517 7 0.86257 1 0.27371 17
518 20 0.94812 5 0.98028 1
519 25 0.89082 6 0.42354 6
520 19 0.91753 8 0.96826 3
521 6 0.5783 2 0.17665 7
522 1 0.70192 9 0.65399 3
523 3 0.56411 3 0.40675 9
524 16 0.6018 9 0.26067 8
525 13 0.68908 7 0.57118 16
526 13 0.45859 8 0.94265 9
527 3 0.12178 6 0.05554 13
528 19 0.65972 7 0.54412 14
529 25 0.9109 2 0.34199 11
530 10 0.7777 5 0.13547 13
531 13 0.03771 4 0.79585 14
532 7 0.08592 1 0.94894 10
533 3 0.92646 1 0.68605 10
534 9 0.95516 2 0.39464 12
535 3 0.30262 2 0.43251 20
536 4 0.65166 5 0.29285 8
537 16 0.86103 4 0.57955 14
538 9 0.19887 3 0.38539 16
539 8 0.46177 3 0.80554 7
540 29 0.34644 2 0.2409 10
541 3 0.66196 7 0.30652 17
542 13 0.19227 1 0.73358 8
543 23 0.77627 1 0.93513 1
544 7 0.01675 4 0.81721 6
545 2 0.12299 1 0.37113 14
546 14 0.33045 5 0.17323 12
547 6 0.12866 6 0.89458 9
548 12 0.49206 8 0.26828 10
549 15 0.91562 9 0.09519 6
550 14 0.8178 2 0.97438 15
551 17 0.84565 6 0.34087 20
552 9 0.88959 5 0.54685 19
553 16 0.38432 8 0.51502 5
554 14 0.02191 10 0.03872 3
555 11 0.43922 2 0.3982 8
556 11 0.24618 4 0.54519 5
557 11 0.90491 3 0.95177 20
558 17 0.38268 7 0.54604 8
559 9 0.69367 4 0.38691 7
560 9 0.34814 8 0.92836 15
561 12 0.49067 6 0.10516 12
562 3 0.94129 9 0.61117 15
563 7 0.19108 4 0.02094 15
564 19 0.32578 10 0.24047 16
565 10 0.84477 2 0.4816 9
566 1 0.28166 2 0.23373 3
567 15 0.77495 4 0.47504 1
568 24 0.19452 1 0.08099 11
569 23 0.81727 8 0.07936 7
570 2 0.34831 10 0.62007 3
571 15 0.50061 3 0.01707 16
572 13 0.72403 7 0.11529 13
573 10 0.68225 10 0.55974 19
574 2 0.98693 5 0.54004 1
575 6 0.4055 4 0.57217 13
576 7 0.0027 3 0.44301 14
577 10 0.30321 3 0.24517 13
578 9 0.27198 5 0.88929 11
579 4 0.66977 9 0.7663 5
580 18 0.11346 9 0.34296 7
581 18 0.1843 7 0.59152 7
582 28 0.39535 8 0.72022 17
583 23 0.49723 4 0.2718 12
584 17 0.34182 6 0.02838 12
585 1 0.87477 2 0.22073 8
586 15 0.7624 2 0.33071 16
587 5 0.72435 1 0.40196 7
588 8 0.49874 5 0.97521 14
589 5 0.97894 10 0.06994 4
590 11 0.63192 5 0.05414 15
591 1 0.98088 7 0.05091 6
592 20 0.10298 5 0.22131 5
593 6 0.18558 6 0.36271 18
594 3 0.71067 7 0.44982 12
595 7 0.18648 3 0.65194 13
596 27 0.99015 10 0.47303 19
597 9 0.60365 6 0.48353 8
598 2 0.45746 4 0.62873 4
599 17 0.22914 1 0.83259 6
600 3 0.81917 10 0.30679 10
